 0.0000  100.0000  100.0000  100.0000  100.0000  100.0000  100.0000  100.0000  100.0000  100.0000  100.0000  100.0000  100.0000  100.0000  100.0000  100.0000  100.0000  100.0000  100.0000    0.0000
    0.0000   49.8050   69.3666   78.4413   83.2828   86.1354   87.9127   89.0309   89.6942   90.0045   90.0045   89.6942   89.0309   87.9127   86.1354   83.2828   78.4413   69.3666   49.8050    0.0000
    0.0000   29.8641   49.2412   61.1464   68.5944   73.3934   76.5389   78.5758   79.8042   80.3836   80.3836   79.8042   78.5758   76.5389   73.3934   68.5944   61.1464   49.2412   29.8641    0.0000
    0.0000   20.4310   36.6290   48.3696   56.6332   62.3989   66.3803   69.0461   70.6868   71.4693   71.4693   70.6868   69.0461   66.3803   62.3989   56.6332   48.3696   36.6290   20.4310    0.0000
    0.0000   15.2619   28.5348   39.1587   47.2847   53.3261   57.6939   60.7125   62.6089   63.5237   63.5237   62.6089   60.7125   57.6939   53.3261   47.2847   39.1587   28.5348   15.2619    0.0000
    0.0000   12.1215   23.1678   32.5606   40.1692   46.1042   50.5586   53.7222   55.7464   56.7332   56.7332   55.7464   53.7222   50.5586   46.1042   40.1692   32.5606   23.1678   12.1215    0.0000
    0.0000   10.1038   19.5483   27.8842   34.9045   40.5757   44.9560   48.1358   50.2015   51.2175   51.2175   50.2015   48.1358   44.9560   40.5757   34.9045   27.8842   19.5483   10.1038    0.0000
    0.0000    8.7994   17.1440   24.6800   31.1910   36.5797   40.8291   43.9644   46.0249   47.0453   47.0453   46.0249   43.9644   40.8291   36.5797   31.1910   24.6800   17.1440    8.7994    0.0000
    0.0000    8.0090   15.6650   22.6719   28.8206   33.9877   38.1173   41.1972   43.2369   44.2518   44.2518   43.2369   41.1972   38.1173   33.9877   28.8206   22.6719   15.6650    8.0090    0.0000
    0.0000    7.6344   14.9585   21.7032   27.6655   32.7130   36.7738   39.8185   41.8429   42.8524   42.8524   41.8429   39.8185   36.7738   32.7130   27.6655   21.7032   14.9585    7.6344    0.0000
    0.0000    7.6344   14.9585   21.7032   27.6655   32.7130   36.7738   39.8185   41.8429   42.8524   42.8524   41.8429   39.8185   36.7738   32.7130   27.6655   21.7032   14.9585    7.6344    0.0000
    0.0000    8.0090   15.6650   22.6719   28.8206   33.9877   38.1173   41.1972   43.2369   44.2518   44.2518   43.2369   41.1972   38.1173   33.9877   28.8206   22.6719   15.6650    8.0090    0.0000
    0.0000    8.7994   17.1440   24.6800   31.1910   36.5797   40.8291   43.9644   46.0249   47.0453   47.0453   46.0249   43.9644   40.8291   36.5797   31.1910   24.6800   17.1440    8.7994    0.0000
    0.0000   10.1038   19.5483   27.8842   34.9045   40.5757   44.9560   48.1358   50.2015   51.2175   51.2175   50.2015   48.1358   44.9560   40.5757   34.9045   27.8842   19.5483   10.1038    0.0000
    0.0000   12.1215   23.1678   32.5606   40.1692   46.1042   50.5586   53.7222   55.7464   56.7332   56.7332   55.7464   53.7222   50.5586   46.1042   40.1692   32.5606   23.1678   12.1215    0.0000
    0.0000   15.2619   28.5348   39.1587   47.2847   53.3261   57.6939   60.7125   62.6089   63.5237   63.5237   62.6089   60.7125   57.6939   53.3261   47.2847   39.1587   28.5348   15.2619    0.0000
    0.0000   20.4310   36.6290   48.3696   56.6332   62.3989   66.3803   69.0461   70.6868   71.4693   71.4693   70.6868   69.0461   66.3803   62.3989   56.6332   48.3696   36.6290   20.4310    0.0000
    0.0000   29.8641   49.2412   61.1464   68.5944   73.3934   76.5389   78.5758   79.8042   80.3836   80.3836   79.8042   78.5758   76.5389   73.3934   68.5944   61.1464   49.2412   29.8641    0.0000
    0.0000   49.8050   69.3666   78.4413   83.2828   86.1354   87.9127   89.0309   89.6942   90.0045   90.0045   89.6942   89.0309   87.9127   86.1354   83.2828   78.4413   69.3666   49.8050    0.0000
    0.0000  100.0000  100.0000  100.0000  100.0000  100.0000  100.0000  100.0000  100.0000  100.0000  100.0000  100.0000  100.0000  100.0000  100.0000  100.0000  100.0000  100.0000  100.0000    0.0000